SETTING
NEAR 2.000000
FAR 15.000000
FDIST 10.000000
EYE 6.200000
SCALE 1.000000
SPECULAR 0.200000
SHININESS 30.000000
MSENSE 2.000000
MSPEED 1.000000
POLARD 0.100000
VCUBESIZE 1.000000
SCREENDOORGAP 0.350000
BGRED 1.000000
BGGREEN 1.000000
BGBLUE 1.000000
BGALPHA 1.000000
LIGHTPOS 0.000000 0.100000 1.000000
4DMAT
 -0.584284 0.085002 0.136780 -0.795357
 0.070298 -0.787890 -0.565437 -0.233124
 0.759430 0.326281 -0.135015 -0.546255
 0.277081 -0.515092 0.801942 -0.120732
3DROTMAT
 0.535140 -0.807998 -0.246493 0.000000
 0.821105 0.428954 0.376541 0.000000
 -0.198507 -0.403897 0.893008 0.000000
 0.000000 0.000000 0.000000 1.000000
3DTRANMAT
 1.000000 0.000000 0.000000 0.000000
 0.000000 1.000000 0.000000 0.000000
 0.000000 0.000000 1.000000 0.000000
 -0.069000 -0.018000 -0.072000 1.000000
